13 13
C 1 0 4 2
C 2 0 24 3
C 6 0 6 3
C 7 0 16 2
R 0 1 9 2
R 5 1 8 2
C 5 1 3 2
C 8 1 29 4
C 10 1 17 2
C 11 1 4 2
R 0 2 10 2
C 3 2 29 4
R 4 2 20 4
R 9 2 11 2
C 9 2 17 2
R 1 3 14 2
R 4 3 5 2
C 4 3 17 2
R 7 3 23 4
R 2 4 17 2
C 2 4 11 4
C 5 4 4 2
R 7 4 16 2
C 7 4 7 3
C 11 4 11 4
C 12 4 17 2
R 1 5 20 4
R 6 5 10 2
C 6 5 24 3
R 10 5 10 2
R 1 6 11 2
C 1 6 3 2
R 4 6 10 3
C 8 6 4 2
R 10 6 13 2
C 10 6 30 4
R 0 7 7 2
R 5 7 15 3
C 5 7 10 4
R 9 7 11 2
C 9 7 16 2
R 0 8 3 2
R 4 8 10 2
C 4 8 16 2
R 7 8 20 4
C 2 9 3 2
R 3 9 12 2
C 3 9 16 2
C 7 9 24 3
R 8 9 15 2
C 8 9 16 2
C 11 9 23 3
R 1 10 21 4
R 6 10 15 2
C 6 10 4 2
R 9 10 14 2
C 12 10 4 2
R 1 11 9 2
R 4 11 21 4
R 10 11 10 2
R 5 12 10 2
R 10 12 9 2